210.8581543 1.000000000000
210.8785881 1.000000000000
210.8990218 1.000000000000
210.9194555 1.000000000000
210.9398893 1.000000000000
210.9603230 0.999885388050
210.9807567 0.999027608080
211.0011904 0.998783591300
211.0216242 0.998669904100
211.0420578 0.998611169100
211.0624916 0.998592270900
211.0829253 0.998609517900
211.1033590 0.998666260900
211.1237927 0.998776814200
211.1442265 0.999006448200
211.1646601 0.999855624530
211.1850938 1.000000000000
211.2055277 1.000000000000
211.2259614 1.000000000000
211.2463950 1.000000000000
211.2668288 1.000000000000
270.7276673 1.000000000000
270.7481002 1.000000000000
270.7685331 1.000000000000
270.7889660 1.000000000000
270.8093988 1.000000000000
270.8298317 1.000000000000
270.8502645 0.999361549270
270.8706974 0.998856797200
270.8911303 0.998708713100
270.9115631 0.998630167200
270.9319961 0.998595666800
270.9524289 0.998597939300
270.9728618 0.998637413500
270.9932946 0.998722691700
271.0137276 0.998884178800
271.0341604 0.999488926090
271.0545932 1.000000000000
271.0750262 1.000000000000
271.0954591 1.000000000000
271.1158918 1.000000000000
271.1363248 1.000000000000
271.1567577 1.000000000000
330.6363202 1.000000000000
330.6567527 1.000000000000
330.6771855 1.000000000000
330.6976182 1.000000000000
330.7180508 0.999824290130
330.7384835 0.998988605900
330.7589162 0.998770567700
330.7793488 0.998662907300
330.7997816 0.998608028300
330.8202142 0.998592337200
330.8406469 0.998612799400
330.8610795 0.998673435100
330.8815123 0.998790156100
330.9019449 0.999050777410
330.9223775 0.999910175327
330.9428103 1.000000000000
330.9632430 1.000000000000
330.9836755 1.000000000000
331.0041083 1.000000000000
390.5049451 1.000000000000
390.5253784 1.000000000000
390.5458119 1.000000000000
390.5662453 1.000000000000
390.5866787 0.999999021054
390.6071121 0.999316157070
390.6275455 0.998847781200
390.6479790 0.998704024700
390.6684124 0.998627770700
390.6888458 0.998595002300
390.7092793 0.998598884100
390.7297126 0.998640150300
390.7501460 0.998727911500
390.7705796 0.998894633000
390.7910129 0.999533231080
390.8114463 1.000000000000
390.8318797 1.000000000000
390.8523131 1.000000000000
390.8727466 1.000000000000
450.3966814 1.000000000000
450.4171157 1.000000000000
450.4375500 1.000000000000
450.4579843 1.000000000000
450.4784185 0.999636971970
450.4988528 0.998922095300
450.5192872 0.998741266100
450.5397214 0.998647214600
450.5601557 0.998601502300
450.5805901 0.998593683900
450.6010243 0.998622273200
450.6214586 0.998693098000
450.6418930 0.998827002000
450.6623272 0.999212094180
450.6827615 0.999987559483
450.7031959 1.000000000000
450.7236302 1.000000000000
450.7440644 1.000000000000
450.7644989 1.000000000000
510.2696732 1.000000000000
510.2901076 1.000000000000
510.3105421 1.000000000000
510.3309766 1.000000000000
510.3514111 0.999844154930
510.3718456 0.998999363200
510.3922801 0.998774395000
510.4127147 0.998664956900
510.4331491 0.998608933500
510.4535835 0.998592288900
510.4740181 0.998611795600
510.4944526 0.998671273200
510.5148870 0.998786144200
510.5353216 0.999036413440
510.5557561 0.999895652330
510.5761904 1.000000000000
510.5966250 1.000000000000
510.6170595 1.000000000000
510.6374939 1.000000000000
570.1420087 1.000000000000
570.1624426 1.000000000000
570.1828764 1.000000000000
570.2033104 1.000000000000
570.2237443 0.999978168504
570.2441781 0.999172729030
570.2646121 0.998818809200
570.2850460 0.998688753600
570.3054799 0.998620129300
570.3259138 0.998593261700
570.3463476 0.998602722300
570.3667815 0.998650314300
570.3872154 0.998747082000
570.4076493 0.998934441500
570.4280833 0.999678585850
570.4485172 1.000000000000
570.4689510 1.000000000000
570.4893850 1.000000000000
570.5098189 1.000000000000
                          